(10000,1,15,16,17,23,29,35)
(10001,1,16,22,28,34)
(10002,1,7,13,19,25,31)
(10003,1,34,33,32,31,25,19,13,7)
(10004,1,22,21,20,14,8,2)
(10005,1,20,14,8,2)
(10006,1,21,20,14,8,2)
(10007,1,23,22,21,20,14,8,2)
(10008,1,31,25,19,13,7,1)
(10009,1,30,29,28,27,26,20,14,8)
(10010,1,33,32,26,20,14,8,2)
(10011,1,15,21,27,33)
(10012,1,21,20,14,8,2)
(10013,1,35,36,30,24,18,12)
(10014,1,16,17,18,24,30,36)
(10015,1,1,2,3,4,10,16,22,28)
(10016,1,22,21,20,19,13,7,1)
(10017,1,9,15,21,27,33,32)
(10018,1,13,19,25,31)
(10019,1,15,16,17,23,29,35)
(10020,1,27,28,29,23,17,11,5)
(10021,1,12,18,24,30,36,35)
(10022,1,4,5,6,12,18,24,30)
(10023,1,21,20,14,8,2)
(10024,1,25,26,27,28,29,23,17,11,5)
(10025,1,35,34,28,22,16)
(10026,1,26,25,19,13,7)
(10027,1,18,24,30,36)
(10028,1,4,5,11,17,23,29,35)
(10029,1,18,24,30,36)
(10030,1,26,20,14,8,2)
(10031,1,32,33,34,35,29,23,17,11,5)
(10032,1,8,9,10,16,22,28,34)
(10033,1,33,34,35,36,30,24,18,12,6)
(10034,1,2,3,4,5,11,17,23)
(10035,1,1,7,13,19)
(10036,1,7,8,14,20,26,32)
(10037,1,19,13,7,1)
(10038,1,35,36,30,24,18,12,6)
(10039,1,11,12,18,24,30,36)
(10040,1,31,32,33,34,35,36,30,24,18,12,6)
(10041,1,16,22,28,34)
(10042,1,31,32,33,27,21,15,9)
(10043,1,27,21,15,9)
(10044,1,23,22,21,20,14,8,2)
(10045,1,2,3,4,5,11,17,23,29)
(10046,1,22,21,20,19,13,7,1)
(10047,1,16,22,28,34)
(10048,1,1,7,13,19,25,31)
(10049,1,4,5,11,17,23)
(10050,1,15,16,22,28,34)
(10051,1,9,10,11,12,18,24,30)
(10052,1,14,20,26,32)
(10053,1,9,10,11,12,18,24,30)
(10054,1,8,9,10,11,17,23,29,35)
(10055,1,2,3,4,10,16,22)
(10056,1,16,17,23,29,35)
(10057,1,31,32,33,34,28,22,16,10)
(10058,1,24,23,22,16,10,4)
(10059,1,4,5,11,17,23,29)
(10060,1,14,15,16,17,18,24,30,36)
(10061,1,12,18,24,30,36,35,34)
(10062,1,4,10,16,22)
(10063,1,13,14,15,21,27,33)
(10064,1,23,22,21,20,19,13,7,1)
(10065,1,3,9,15,21,27,33,32,31)
(10066,1,35,34,33,32,31,25,19,13,7)
(10067,1,18,24,30,36)
(10068,1,6,12,18,24,30,36,35,34,33)
(10069,1,9,15,21,27,33,32)
(10070,1,16,17,18,24,30,36)
(10071,1,35,34,28,22,16)
(10072,1,34,33,32,26,20,14,8,2)
(10073,1,23,22,21,20,14,8,2)
(10074,1,33,32,26,20,14)
(10075,1,17,18,24,30,36)
(10076,1,33,32,26,20,14,8,2)
(10077,1,3,9,15,21,27)
(10078,1,3,9,15,21,27,33,32)
(10079,1,15,16,22,28,34)
(10080,1,24,23,22,21,20,14,8,2)
(10081,1,9,10,16,22,28)
(10082,1,27,26,25,19,13,7,1)
(10083,1,36,30,24,18,12,6)
(10084,1,10,11,12,18,24,30)
(10085,1,34,35,36,30,24,18,12)
(10086,1,25,26,27,21,15,9,3)
(10087,1,21,20,19,13,7,1)
(10088,1,18,24,30,36)
(10089,1,22,21,15,9,3)
(10090,1,4,5,11,17,23)
(10091,1,35,29,23,17,11,5)
(10092,1,27,26,25,19,13,7)
(10093,1,19,13,7,1)
(10094,1,22,16,10,4)
(10095,1,24,18,12,6)
(10096,1,34,33,32,26,20,14)
(10097,1,14,15,16,17,23,29,35)
(10098,1,12,18,24,30)
(10099,1,36,30,24,18,12)
(10100,1,14,20,26,32)
(10101,1,8,14,20,26,32,31)
(10102,1,20,14,8,2)
(10103,1,1,2,3,4,5,6,12,18,24,30,36)
(10104,1,9,15,21,27,33)
(10105,1,16,17,18,24,30,36)
(10106,1,26,25,19,13,7)
(10107,1,5,11,17,23,29,35,34,33)
(10108,1,25,19,13,7)
(10109,1,14,20,26,32)
(10110,1,11,12,18,24,30)
(10111,1,32,33,34,28,22,16,10)
(10112,1,17,18,24,30,36)
(10113,1,25,26,27,28,29,23,17,11,5)
(10114,1,7,8,9,10,11,12,18,24,30)
(10115,1,2,8,14,20,26)
(10116,1,28,27,26,20,14,8,2)
(10117,1,14,15,21,27,33)
(10118,1,7,8,14,20,26)
(10119,1,26,25,19,13,7,1)
(10120,1,20,14,8,2)
(10121,1,33,32,31,25,19,13,7)
(10122,1,8,14,20,26,32,31)
(10123,1,35,29,23,17,11)
(10124,1,28,29,23,17,11,5)
(10125,1,10,11,17,23,29,35)
(10126,1,5,11,17,23,29,35)
(10127,1,20,14,8,2)
